,pc_train,iter,num_users,num_attackers,num_variables,cutoff,login_pos,login_neg,login_pos_prob,login_neg_prob,attack_pos,attack_neg,grd_login_pos,grd_login_neg,grd_login_pos_prob,grd_login_neg_prob,grd_attack_pos,grd_attack_neg
1,"0,3",0,10,22,126,"0,2",9,1,9,1,139,15,8,2,8,2,125,29
2,"0,3",0,10,22,126,"0,25",9,1,9,1,86,68,8,2,8,2,69,85
3,"0,3",0,10,22,126,"0,3",9,1,8,2,50,104,8,2,8,2,29,125
4,"0,3",0,10,22,126,"0,35",9,1,8,2,23,131,8,2,7,3,15,139
5,"0,3",0,10,22,126,"0,4",9,1,7,3,12,142,8,2,6,4,8,146
6,"0,3",0,10,22,126,"0,45",9,1,6,4,5,149,8,2,5,5,4,150
7,"0,3",0,10,22,126,"0,5",9,1,4,6,4,150,8,2,2,8,1,153
8,"0,3",1,10,22,148,"0,2",7,3,7,3,147,7,10,0,10,0,117,37
9,"0,3",1,10,22,148,"0,25",7,3,7,3,101,53,10,0,9,1,67,87
10,"0,3",1,10,22,148,"0,3",7,3,7,3,51,103,10,0,7,3,33,121
11,"0,3",1,10,22,148,"0,35",7,3,6,4,27,127,10,0,4,6,14,140
12,"0,3",1,10,22,148,"0,4",7,3,5,5,12,142,10,0,1,9,5,149
13,"0,3",1,10,22,148,"0,45",7,3,3,7,8,146,10,0,1,9,1,153
14,"0,3",1,10,22,148,"0,5",7,3,1,9,1,153,10,0,1,9,0,154
15,"0,5",0,16,16,80,"0,2",11,5,11,5,87,25,12,4,12,4,74,38
16,"0,5",0,16,16,80,"0,25",11,5,11,5,49,63,12,4,11,5,38,74
17,"0,5",0,16,16,80,"0,3",11,5,9,7,29,83,11,5,8,8,13,99
18,"0,5",0,16,16,80,"0,35",11,5,8,8,14,98,11,5,7,9,8,104
19,"0,5",0,16,16,80,"0,4",11,5,5,11,10,102,12,4,4,12,3,109
20,"0,5",0,16,16,80,"0,45",11,5,4,12,6,106,12,4,3,13,2,110
21,"0,5",0,16,16,80,"0,5",11,5,3,13,3,109,11,5,2,14,1,111
22,"0,5",1,16,16,108,"0,2",14,2,14,2,70,42,13,3,12,4,55,57
23,"0,5",1,16,16,108,"0,25",14,2,11,5,35,77,13,3,9,7,19,93
24,"0,5",1,16,16,108,"0,3",14,2,7,9,21,91,13,3,7,9,10,102
25,"0,5",1,16,16,108,"0,35",14,2,6,10,12,100,13,3,6,10,2,110
26,"0,5",1,16,16,108,"0,4",14,2,6,10,3,109,13,3,5,11,0,112
27,"0,5",1,16,16,108,"0,45",14,2,4,12,2,110,13,3,2,14,0,112
28,"0,5",1,16,16,108,"0,5",14,2,2,14,0,112,13,3,2,14,0,112
29,"0,7",0,22,10,64,"0,2",16,6,16,6,33,37,16,6,15,7,19,51
30,"0,7",0,22,10,64,"0,25",16,6,14,8,21,49,16,6,10,12,10,60
31,"0,7",0,22,10,64,"0,3",16,6,13,9,8,62,16,6,9,13,4,66
32,"0,7",0,22,10,64,"0,35",16,6,9,13,4,66,16,6,8,14,0,70
33,"0,7",0,22,10,64,"0,4",16,6,7,15,1,69,16,6,7,15,0,70
34,"0,7",0,22,10,64,"0,45",16,6,5,17,0,70,16,6,4,18,0,70
35,"0,7",0,22,10,64,"0,5",16,6,2,20,0,70,16,6,2,20,0,70
36,"0,7",1,22,10,92,"0,2",18,4,17,5,27,43,17,5,15,7,17,53
37,"0,7",1,22,10,92,"0,25",18,4,12,10,11,59,16,6,11,11,6,64
38,"0,7",1,22,10,92,"0,3",18,4,10,12,5,65,16,6,10,12,2,68
39,"0,7",1,22,10,92,"0,35",18,4,8,14,2,68,17,5,8,14,0,70
40,"0,7",1,22,10,92,"0,4",18,4,6,16,1,69,16,6,6,16,0,70
41,"0,7",1,22,10,92,"0,45",18,4,5,17,0,70,16,6,4,18,0,70
42,"0,7",1,22,10,92,"0,5",18,4,5,17,0,70,17,5,4,18,0,70
43,"0,9",0,29,3,34,"0,2",19,10,16,13,17,4,18,11,16,13,16,5
44,"0,9",0,29,3,34,"0,25",19,10,13,16,7,14,18,11,15,14,11,10
45,"0,9",0,29,3,34,"0,3",19,10,10,19,6,15,18,11,10,19,6,15
46,"0,9",0,29,3,34,"0,35",19,10,9,20,0,21,18,11,7,22,3,18
47,"0,9",0,29,3,34,"0,4",18,11,6,23,0,21,18,11,5,24,1,20
48,"0,9",0,29,3,34,"0,45",19,10,4,25,0,21,18,11,3,26,0,21
49,"0,9",0,29,3,34,"0,5",19,10,3,26,0,21,18,11,2,27,0,21
50,"0,9",1,29,3,73,"0,2",20,9,18,11,13,8,20,9,19,10,7,14
51,"0,9",1,29,3,73,"0,25",20,9,13,16,4,17,20,9,16,13,4,17
52,"0,9",1,29,3,73,"0,3",20,9,11,18,1,20,20,9,12,17,1,20
53,"0,9",1,29,3,73,"0,35",20,9,10,19,1,20,19,10,8,21,1,20
54,"0,9",1,29,3,73,"0,4",20,9,8,21,1,20,20,9,7,22,1,20
55,"0,9",1,29,3,73,"0,45",20,9,6,23,1,20,20,9,4,25,0,21
56,"0,9",1,29,3,73,"0,5",20,9,5,24,0,21,20,9,2,27,0,21
,,,,,,,,,,,,,,,,,,
,Ponto de corte,,,TAR,,,,,,,,,,,,,,
,"0,2",34,58,"0,586206896551724",,,,,,,,,,,,,,
,"0,25",21,58,"0,362068965517241",,,,,,,,,,,,,,
,"0,3",14,58,"0,241379310344828",,,,,,,,,,,,,,
,"0,35",8,58,"0,137931034482759",,,,,,,,,,,,,,
,"0,4",13,58,"0,224137931034483",,,,,,,,,,,,,,
,"0,45",10,58,"0,172413793103448",,,,,,,,,,,,,,
,"0,5",6,58,"0,103448275862069",,,,,,,,,,,,,,
