,pc_train,iter,num_users,num_attackers,num_variables,cutoff,login_pos,login_neg,login_pos_prob,login_neg_prob,attack_pos,attack_neg,grd_login_pos,grd_login_neg,grd_login_pos_prob,grd_login_neg_prob,grd_attack_pos,grd_attack_neg
1,"0,3",0,16,36,86,"0,2",12,4,12,4,167,86,13,3,13,3,148,105
2,"0,3",0,16,36,86,"0,25",12,4,11,5,97,156,13,3,12,4,81,172
3,"0,3",0,16,36,86,"0,3",12,4,8,8,56,197,13,3,5,11,36,217
4,"0,3",0,16,36,86,"0,35",12,4,4,12,31,222,13,3,5,11,16,237
5,"0,3",0,16,36,86,"0,4",12,4,4,12,13,240,13,3,4,12,6,247
6,"0,3",0,16,36,86,"0,45",12,4,4,12,4,249,13,3,3,13,2,251
7,"0,3",0,16,36,86,"0,5",12,4,3,13,1,252,13,3,1,15,1,252
8,"0,3",1,16,36,113,"0,2",12,4,12,4,184,69,14,2,12,4,117,136
9,"0,3",1,16,36,113,"0,25",12,4,11,5,107,146,13,3,12,4,40,213
10,"0,3",1,16,36,113,"0,3",12,4,10,6,45,208,15,1,9,7,13,240
11,"0,3",1,16,36,113,"0,35",12,4,8,8,21,232,14,2,7,9,4,249
12,"0,3",1,16,36,113,"0,4",12,4,6,10,5,248,14,2,4,12,0,253
13,"0,3",1,16,36,113,"0,45",12,4,3,13,2,251,14,2,3,13,0,253
14,"0,3",1,16,36,113,"0,5",12,4,2,14,0,253,14,2,2,14,0,253
15,"0,5",0,26,26,42,"0,2",16,10,14,12,125,57,13,13,11,15,113,69
16,"0,5",0,26,26,42,"0,25",16,10,13,13,79,103,13,13,10,16,73,109
17,"0,5",0,26,26,42,"0,3",16,10,12,14,47,135,13,13,10,16,39,143
18,"0,5",0,26,26,42,"0,35",16,10,9,17,22,160,13,13,7,19,18,164
19,"0,5",0,26,26,42,"0,4",16,10,6,20,13,169,13,13,5,21,9,173
20,"0,5",0,26,26,42,"0,45",16,10,5,21,7,175,13,13,4,22,4,178
21,"0,5",0,26,26,42,"0,5",16,10,2,24,2,180,13,13,4,22,3,179
22,"0,5",1,26,26,57,"0,2",18,8,18,8,109,73,21,5,17,9,92,90
23,"0,5",1,26,26,57,"0,25",18,8,17,9,56,126,21,5,14,12,35,147
24,"0,5",1,26,26,57,"0,3",18,8,14,12,26,156,21,5,8,18,21,161
25,"0,5",1,26,26,57,"0,35",18,8,6,20,16,166,21,5,4,22,10,172
26,"0,5",1,26,26,57,"0,4",18,8,3,23,9,173,21,5,2,24,6,176
27,"0,5",1,26,26,57,"0,45",18,8,1,25,5,177,21,5,2,24,3,179
28,"0,5",1,26,26,57,"0,5",18,8,0,26,1,181,21,5,0,26,1,181
29,"0,7",0,36,16,39,"0,2",24,12,19,17,53,59,22,14,18,18,45,67
30,"0,7",0,36,16,39,"0,25",24,12,18,18,31,81,22,14,17,19,27,85
31,"0,7",0,36,16,39,"0,3",24,12,16,20,21,91,22,14,13,23,17,95
32,"0,7",0,36,16,39,"0,35",24,12,13,23,12,100,22,14,9,27,10,102
33,"0,7",0,36,16,39,"0,4",24,12,6,30,6,106,22,14,9,27,2,110
34,"0,7",0,36,16,39,"0,45",24,12,4,32,3,109,22,14,4,32,1,111
35,"0,7",0,36,16,39,"0,5",24,12,3,33,0,112,22,14,2,34,0,112
36,"0,7",1,36,16,50,"0,2",25,11,22,14,51,61,22,14,20,16,44,68
37,"0,7",1,36,16,50,"0,25",25,11,21,15,26,86,23,13,20,16,25,87
38,"0,7",1,36,16,50,"0,3",25,11,18,18,12,100,25,11,13,23,10,102
39,"0,7",1,36,16,50,"0,35",25,11,12,24,8,104,24,12,12,24,2,110
40,"0,7",1,36,16,50,"0,4",25,11,8,28,3,109,23,13,8,28,0,112
41,"0,7",1,36,16,50,"0,45",25,11,7,29,0,112,25,11,6,30,0,112
42,"0,7",1,36,16,50,"0,5",25,11,6,30,0,112,23,13,4,32,0,112
43,"0,9",0,47,5,21,"0,2",24,23,21,26,17,18,23,24,22,25,24,11
44,"0,9",0,47,5,21,"0,25",24,23,17,30,12,23,23,24,19,28,15,20
45,"0,9",0,47,5,21,"0,3",24,23,16,31,6,29,23,24,17,30,7,28
46,"0,9",0,47,5,21,"0,35",24,23,13,34,2,33,23,24,13,34,3,32
47,"0,9",0,47,5,21,"0,4",24,23,10,37,1,34,23,24,10,37,2,33
48,"0,9",0,47,5,21,"0,45",24,23,6,41,0,35,23,24,9,38,1,34
49,"0,9",0,47,5,21,"0,5",24,23,4,43,0,35,23,24,5,42,0,35
50,"0,9",1,47,5,25,"0,2",23,24,19,28,21,14,26,21,22,25,22,13
51,"0,9",1,47,5,25,"0,25",23,24,17,30,14,21,26,21,19,28,14,21
52,"0,9",1,47,5,25,"0,3",23,24,13,34,11,24,26,21,14,33,11,24
53,"0,9",1,47,5,25,"0,35",23,24,11,36,6,29,26,21,13,34,5,30
54,"0,9",1,47,5,25,"0,4",23,24,11,36,3,32,27,20,12,35,4,31
55,"0,9",1,47,5,25,"0,45",23,24,10,37,3,32,25,22,8,39,3,32
56,"0,9",1,47,5,25,"0,5",23,24,5,42,3,32,26,21,5,42,2,33
,A,,,,,,,,,,,,,,,,,
,Ponto de corte,,,TAR,,,TRR,,0,0,1,1,,,,,,
,"0,2",40,94,"0,425531914893617",32,70,"0,457142857142857",,40,32,"0,951749095295537","0,977142857142857",,,,,,
,"0,25",34,94,"0,361702127659574",44,70,"0,628571428571429",,74,76,"0,910735826296743","0,945714285714286",,,,,,
,"0,3",29,94,"0,308510638297872",53,70,"0,757142857142857",,103,129,"0,875753920386007","0,907857142857143",,,,,,
,"0,35",24,94,"0,25531914893617",62,70,"0,885714285714286",,127,191,"0,846803377563329","0,863571428571428",,,,,,
,"0,4",21,94,"0,223404255319149",66,70,"0,942857142857143",,148,257,"0,821471652593486","0,816428571428571",,,,,,
,"0,45",16,94,"0,170212765957447",67,70,"0,957142857142857",,164,324,"0,802171290711701","0,768571428571429",,,,,,
,"0,5",9,94,"0,0957446808510638",67,70,"0,957142857142857",,173,391,"0,791314837153197","0,720714285714286",,,,,,
,,,,,,,,,829,1400,0,0,,,,,,
,B,,,,,,,,,,,,,,,,,
,Ponto de corte,,,TAR,,,TRR,,,,,,,,,,,
,"0,2",34,58,"0,586206896551724",12,42,"0,285714285714286",,,,,,,,,,,
,"0,25",21,58,"0,362068965517241",31,42,"0,738095238095238",,,,,,,,,,,
,"0,3",14,58,"0,241379310344828",35,42,"0,833333333333333",,,,,,,,,,,
,"0,35",8,58,"0,137931034482759",41,42,"0,976190476190476",,,,,,,,,,,
,"0,4",13,58,"0,224137931034483",41,42,"0,976190476190476",,,,,,,,,,,
,"0,45",10,58,"0,172413793103448",41,42,"0,976190476190476",,,,,,,,,,,
,"0,5",6,58,"0,103448275862069",42,42,1,,,,,,,,,,,
,,,,,,,,,,,,,,,,,,
,C,,,,,,,,,,,,,,,,,
,Ponto de corte,,,TAR,,,TRR,,,,,,,,,,,
,"0,2",58,58,1,1,42,"0,0238095238095238",,,,,,,,,,,
,"0,25",58,58,1,27,42,"0,642857142857143",,,,,,,,,,,
,"0,3",58,58,1,34,42,"0,80952380952381",,,,,,,,,,,
,"0,35",58,58,1,34,42,"0,80952380952381",,,,,,,,,,,
,"0,4",58,58,1,34,42,"0,80952380952381",,,,,,,,,,,
,"0,45",58,58,1,40,42,"0,952380952380952",,,,,,,,,,,
,"0,5",58,58,1,42,42,1,,,,,,,,,,,
