"","cutoff","pc_train","iter","num_users","num_attackers","num_variables","login_pos","login_neg","login_pos_prob","login_neg_prob","attack_pos","attack_neg","grd_login_pos","grd_login_neg","grd_login_pos_prob","grd_login_neg_prob","grd_attack_pos","grd_attack_neg"
"1",0.2,0.3,0,10,22,297,10,0,10,0,152,2,9,1,9,1,149,5
"2",0.25,0.3,0,10,22,297,10,0,10,0,129,25,9,1,9,1,135,19
"3",0.3,0.3,0,10,22,297,10,0,10,0,72,82,9,1,9,1,96,58
"4",0.35,0.3,0,10,22,297,10,0,10,0,29,125,9,1,9,1,58,96
"5",0.4,0.3,0,10,22,297,10,0,10,0,11,143,9,1,9,1,29,125
"6",0.45,0.3,0,10,22,297,10,0,9,1,1,153,9,1,9,1,12,142
"7",0.5,0.3,0,10,22,297,10,0,9,1,0,154,9,1,9,1,5,149
"8",0.2,0.3,1,10,22,321,10,0,10,0,147,7,10,0,10,0,122,32
"9",0.25,0.3,1,10,22,321,10,0,10,0,124,30,10,0,10,0,71,83
"10",0.3,0.3,1,10,22,321,10,0,10,0,67,87,10,0,10,0,26,128
"11",0.35,0.3,1,10,22,321,10,0,10,0,28,126,10,0,10,0,9,145
"12",0.4,0.3,1,10,22,321,10,0,10,0,11,143,10,0,10,0,2,152
"13",0.45,0.3,1,10,22,321,10,0,10,0,4,150,10,0,10,0,0,154
"14",0.5,0.3,1,10,22,321,10,0,9,1,1,153,10,0,9,1,0,154
"15",0.2,0.5,0,16,16,257,16,0,16,0,83,29,16,0,16,0,59,53
"16",0.25,0.5,0,16,16,257,16,0,16,0,61,51,16,0,16,0,17,95
"17",0.3,0.5,0,16,16,257,16,0,16,0,41,71,16,0,15,1,5,107
"18",0.35,0.5,0,16,16,257,16,0,16,0,32,80,16,0,13,3,0,112
"19",0.4,0.5,0,16,16,257,16,0,15,1,12,100,16,0,12,4,0,112
"20",0.45,0.5,0,16,16,257,16,0,15,1,3,109,16,0,12,4,0,112
"21",0.5,0.5,0,16,16,257,16,0,14,2,1,111,16,0,12,4,0,112
"22",0.2,0.5,1,16,16,279,16,0,16,0,80,32,16,0,16,0,54,58
"23",0.25,0.5,1,16,16,279,16,0,16,0,54,58,16,0,16,0,14,98
"24",0.3,0.5,1,16,16,279,16,0,16,0,38,74,16,0,16,0,4,108
"25",0.35,0.5,1,16,16,279,16,0,16,0,17,95,16,0,14,2,0,112
"26",0.4,0.5,1,16,16,279,16,0,15,1,7,105,16,0,13,3,0,112
"27",0.45,0.5,1,16,16,279,16,0,15,1,5,107,16,0,13,3,0,112
"28",0.5,0.5,1,16,16,279,16,0,15,1,2,110,16,0,11,5,0,112
"29",0.2,0.7,0,22,10,216,22,0,22,0,35,35,21,1,21,1,13,57
"30",0.25,0.7,0,22,10,216,22,0,22,0,17,53,21,1,21,1,5,65
"31",0.3,0.7,0,22,10,216,22,0,22,0,12,58,21,1,20,2,3,67
"32",0.35,0.7,0,22,10,216,22,0,21,1,8,62,21,1,17,5,0,70
"33",0.4,0.7,0,22,10,216,22,0,21,1,4,66,21,1,16,6,0,70
"34",0.45,0.7,0,22,10,216,22,0,21,1,2,68,21,1,14,8,0,70
"35",0.5,0.7,0,22,10,216,22,0,19,3,0,70,21,1,12,10,0,70
"36",0.2,0.7,1,22,10,235,22,0,22,0,35,35,22,0,22,0,18,52
"37",0.25,0.7,1,22,10,235,22,0,22,0,16,54,22,0,21,1,11,59
"38",0.3,0.7,1,22,10,235,22,0,22,0,12,58,22,0,19,3,1,69
"39",0.35,0.7,1,22,10,235,22,0,22,0,9,61,22,0,19,3,0,70
"40",0.4,0.7,1,22,10,235,22,0,21,1,5,65,22,0,19,3,0,70
"41",0.45,0.7,1,22,10,235,22,0,20,2,4,66,22,0,17,5,0,70
"42",0.5,0.7,1,22,10,235,22,0,20,2,0,70,22,0,16,6,0,70
"43",0.2,0.9,0,29,3,195,29,0,29,0,20,1,29,0,29,0,7,14
"44",0.25,0.9,0,29,3,195,29,0,29,0,6,15,29,0,29,0,2,19
"45",0.3,0.9,0,29,3,195,29,0,29,0,4,17,29,0,29,0,0,21
"46",0.35,0.9,0,29,3,195,29,0,29,0,4,17,29,0,24,5,0,21
"47",0.4,0.9,0,29,3,195,29,0,27,2,4,17,29,0,22,7,0,21
"48",0.45,0.9,0,29,3,195,29,0,26,3,1,20,29,0,20,9,0,21
"49",0.5,0.9,0,29,3,195,29,0,24,5,0,21,29,0,18,11,0,21
"50",0.2,0.9,1,29,3,205,29,0,29,0,21,0,29,0,29,0,8,13
"51",0.25,0.9,1,29,3,205,29,0,29,0,9,12,29,0,28,1,3,18
"52",0.3,0.9,1,29,3,205,29,0,29,0,4,17,29,0,28,1,1,20
"53",0.35,0.9,1,29,3,205,29,0,29,0,4,17,29,0,28,1,0,21
"54",0.4,0.9,1,29,3,205,29,0,27,2,4,17,29,0,23,6,0,21
"55",0.45,0.9,1,29,3,205,29,0,27,2,1,20,29,0,21,8,0,21
"56",0.5,0.9,1,29,3,205,29,0,25,4,0,21,29,0,18,11,0,21
